[drive]
maxRPM=300.000000
cpr=360.000000
D=0
I=0.004
P=0
[eject]
NoB=0.000000
NoA=240
YesB=0
YesA=89
[camera]
Numeric=0.000000
[deploy]
unlatched=50
latched=255
[nav]
turnD=0.000000
turnI=0.000000
turnP=0.000000
fwdD=0.000000
fwdI=0.000000
fwdP=0.000000
[grab]
NoB=196
NoA=1
YesB=36
YesA=104
[wrist]
D=0.000000
I=0.000000
P=0.000000
back=0.000000
up=0.000000
down=0.000000
[arm]
highC=0.677000
high=0.891000
midC=1.413000
mid=1.545000
lowC=1.950000
low=1.950000
D=0
I=0.2
P=300
limitRev=1.960000
limitFwd=0.620000
