[drive]
maxRPM=0.000000
cpr=0.000000
D=0.000000
I=0.000000
P=0.000000
[eject]
NoB=0.000000
NoA=0.000000
YesB=0.000000
YesA=0.000000
[camera]
Numeric=0.000000
[deploy]
unlatched=0.000000
latched=0.000000
[nav]
turnD=0.000000
turnI=0.000000
turnP=0.000000
fwdD=0.000000
fwdI=0.000000
fwdP=0.000000
[grab]
NoB=0.000000
NoA=0.000000
YesB=0.000000
YesA=0.000000
[wrist]
D=0.000000
I=0.000000
P=0.000000
back=0.000000
up=0.000000
down=0.000000
[arm]
highC=0.000000
high=0.000000
midC=0.000000
mid=0.000000
lowC=0.000000
low=0.000000
D=0.000000
I=0.000000
P=0.000000
limRev=0.000000
limFwd=0.000000
